             0.000000                0.000170
             0.040000                0.005015
             0.080000                0.010053
             0.120000                0.015063
             0.160000                0.020073
             0.200000                0.025066
             0.200000                0.025066
             0.240000                0.030046
             0.280000                0.035004
             0.320000                0.039942
             0.360000                0.044854
             0.400000                0.049738
             0.400000                0.049738
             0.440000                0.054591
             0.480000                0.059409
             0.520000                0.064189
             0.560000                0.068929
             0.600000                0.073625
             0.600000                0.073625
             0.640000                0.078275
             0.680000                0.082876
             0.720000                0.087424
             0.760000                0.091917
             0.800000                0.096352
             0.800000                0.096352
             0.840000                0.100726
             0.880000                0.105037
             0.920000                0.109281
             0.960000                0.113457
             1.000000                0.117561
             1.000000                0.117561
             1.040000                0.121591
             1.080000                0.125544
             1.120000                0.129418
             1.160000                0.133210
             1.200000                0.136919
             1.200000                0.136920
             1.240000                0.140542
             1.280000                0.144077
             1.320000                0.147520
             1.360000                0.150872
             1.400000                0.154128
             1.400000                0.154125
             1.440000                0.157288
             1.480000                0.160352
             1.520000                0.163307
             1.560000                0.166182
             1.600000                0.168909
             1.600000                0.168948
             1.640000                0.171612
             1.680000                0.174085
             1.720000                0.176591
             1.760000                0.178975
             1.800000                0.180664
             1.800000                0.180458
             1.840000                0.184646
             1.880000                0.181063
             1.920000                0.197501
             1.960000                0.160058
             2.000000                0.672147
             2.000000                0.671621
             2.040000                1.223263
             2.080000                1.180891
             2.120000                1.200750
             2.160000                1.193150
             2.200000                1.198700
             2.200000                1.198749
             2.240000                1.197352
             2.280000                1.199630
             2.320000                1.199506
             2.360000                1.200847
             2.400000                1.200907
             2.400000                1.200891
             2.440000                1.201814
             2.480000                1.201873
             2.520000                1.202444
             2.560000                1.202463
             2.600000                1.202758
             2.600000                1.202761
             2.640000                1.202719
             2.680000                1.202791
             2.720000                1.202687
             2.760000                1.202599
             2.800000                1.202430
             2.800000                1.202431
             2.840000                1.202240
             2.880000                1.202023
             2.920000                1.201785
             2.960000                1.201551
             3.000000                1.201319
             3.000000                1.201319
             3.040000                1.201114
             3.080000                1.200943
             3.120000                1.200824
             3.160000                1.200773
             3.200000                1.200806
             3.200000                1.200806
             3.240000                1.200943
             3.280000                1.201201
             3.320000                1.201602
             3.360000                1.202165
             3.400000                1.202913
             3.400000                1.202915
             3.440000                1.203869
             3.480000                1.205050
             3.520000                1.206502
             3.560000                1.208197
             3.600000                1.210267
             3.600000                1.210227
             3.640000                1.212541
             3.680000                1.215376
             3.720000                1.218308
             3.760000                1.221918
             3.800000                1.226098
             3.800000                1.226348
             3.840000                1.229113
             3.880000                1.238747
             3.920000                1.230882
             3.960000                1.274218
             4.000000                0.737951
             4.000000                0.738503
             4.040000                0.227677
             4.080000                0.281149
             4.120000                0.269248
             4.160000                0.288166
             4.200000                0.292390
             4.200000                0.292330
             4.240000                0.305491
             4.280000                0.314541
             4.320000                0.327191
             4.360000                0.338507
             4.400000                0.351936
             4.400000                0.351953
             4.440000                0.364893
             4.480000                0.379347
             4.520000                0.393760
             4.560000                0.409269
             4.600000                0.424985
             4.600000                0.424982
             4.640000                0.441508
             4.680000                0.458365
             4.720000                0.475804
             4.760000                0.493607
             4.800000                0.511821
             4.800000                0.511821
             4.840000                0.530351
             4.880000                0.549149
             4.920000                0.568160
             4.960000                0.587306
             5.000000                0.606532
             5.000000                0.606532
             5.040000                0.625752
             5.080000                0.644899
             5.120000                0.663890
             5.160000                0.682645
             5.200000                0.701083
             5.200000                0.701083
             5.240000                0.719117
             5.280000                0.736664
             5.320000                0.753639
             5.360000                0.769956
             5.400000                0.785532
             5.400000                0.785532
             5.440000                0.800285
             5.480000                0.814133
             5.520000                0.826999
             5.560000                0.838809
             5.600000                0.849491
             5.600000                0.849491
             5.640000                0.858980
             5.680000                0.867214
             5.720000                0.874135
             5.760000                0.879695
             5.800000                0.883848
             5.800000                0.883848
             5.840000                0.886557
             5.880000                0.887791
             5.920000                0.887526
             5.960000                0.885747
             6.000000                0.882443
             6.000000                0.882443
             6.040000                0.877614
             6.080000                0.871267
             6.120000                0.863415
             6.160000                0.854079
             6.200000                0.843289
             6.200000                0.843289
             6.240000                0.831081
             6.280000                0.817497
             6.320000                0.802586
             6.360000                0.786405
             6.400000                0.769014
             6.400000                0.769014
             6.440000                0.750480
             6.480000                0.730874
             6.520000                0.710273
             6.560000                0.688756
             6.600000                0.666405
             6.600000                0.666405
             6.640000                0.643305
             6.680000                0.619544
             6.720000                0.595210
             6.760000                0.570394
             6.800000                0.545184
             6.800000                0.545184
             6.840000                0.519669
             6.880000                0.493940
             6.920000                0.468082
             6.960000                0.442181
             7.000000                0.416319
             7.000000                0.416319
             7.040000                0.390578
             7.080000                0.365033
             7.120000                0.339759
             7.160000                0.314824
             7.200000                0.290295
             7.200000                0.290295
             7.240000                0.266232
             7.280000                0.242692
             7.320000                0.219727
             7.360000                0.197384
             7.400000                0.175706
             7.400000                0.175706
             7.440000                0.154730
             7.480000                0.134488
             7.520000                0.115010
             7.560000                0.096319
             7.600000                0.078432
             7.600000                0.078432
             7.640000                0.061365
             7.680000                0.045128
             7.720000                0.029728
             7.760000                0.015166
             7.800000                0.001441
             7.800000                0.001441
             7.840000               -0.011450
             7.880000               -0.023516
             7.920000               -0.034766
             7.960000               -0.045215
             8.000000               -0.054876
             8.000000               -0.054876
             8.040000               -0.063768
             8.080000               -0.071909
             8.120000               -0.079321
             8.160000               -0.086025
             8.200000               -0.092044
             8.200000               -0.092044
             8.240000               -0.097402
             8.280000               -0.102125
             8.320000               -0.106237
             8.360000               -0.109764
             8.400000               -0.112731
             8.400000               -0.112731
             8.440000               -0.115164
             8.480000               -0.117087
             8.520000               -0.118528
             8.560000               -0.119509
             8.600000               -0.120055
             8.600000               -0.120055
             8.640000               -0.120190
             8.680000               -0.119937
             8.720000               -0.119318
             8.760000               -0.118355
             8.800000               -0.117068
             8.800000               -0.117068
             8.840000               -0.115478
             8.880000               -0.113603
             8.920000               -0.111461
             8.960000               -0.109071
             9.000000               -0.106448
             9.000000               -0.106448
             9.040000               -0.103609
             9.080000               -0.100568
             9.120000               -0.097340
             9.160000               -0.093938
             9.200000               -0.090375
             9.200000               -0.090375
             9.240000               -0.086662
             9.280000               -0.082812
             9.320000               -0.078834
             9.360000               -0.074739
             9.400000               -0.070536
             9.400000               -0.070536
             9.440000               -0.066235
             9.480000               -0.061843
             9.520000               -0.057369
             9.560000               -0.052820
             9.600000               -0.048204
             9.600000               -0.048204
             9.640000               -0.043527
             9.680000               -0.038796
             9.720000               -0.034016
             9.760000               -0.029194
             9.800000               -0.024335
             9.800000               -0.024335
             9.840000               -0.019445
             9.880000               -0.014526
             9.920000               -0.009592
             9.960000               -0.004623
            10.000000                0.000170
