             0.000000               -0.012055
             0.111111                0.001570
             0.222222                0.015362
             0.333333                0.029185
             0.444444                0.042921
             0.555556                0.056465
             0.666667                0.069728
             0.777778                0.082635
             0.888889                0.095127
             1.000000                0.107160
             1.000000                0.107164
             1.111111                0.118685
             1.222222                0.129630
             1.333333                0.139946
             1.444444                0.149581
             1.555556                0.158491
             1.666667                0.166637
             1.777778                0.173985
             1.888889                0.180507
             2.000000                0.186180
             2.000000               -0.266211
             2.111111                0.561277
             2.222222                1.018531
             2.333333                1.223052
             2.444444                1.272458
             2.555556                1.244494
             2.666667                1.197023
             2.777778                1.168032
             2.888889                1.175630
             3.000000                1.218047
             3.000000                1.142763
             3.111111                1.257174
             3.222222                1.222147
             3.333333                1.156100
             3.444444                1.131653
             3.555556                1.175623
             3.666667                1.269025
             3.777778                1.347075
             3.888889                1.299187
             4.000000                0.968974
             4.000000                0.808318
             4.111111                0.430635
             4.222222                0.274919
             4.333333                0.255084
             4.444444                0.303936
             4.555556                0.373182
             4.666667                0.433422
             4.777778                0.474154
             4.888889                0.503773
             5.000000                0.549568
             5.000000                0.553986
             5.111111                0.610343
             5.222222                0.665044
             5.333333                0.716746
             5.444444                0.764102
             5.555556                0.805758
             5.666667                0.840350
             5.777778                0.866507
             5.888889                0.882853
             6.000000                0.888002
             6.000000                0.887703
             6.111111                0.881428
             6.222222                0.862986
             6.333333                0.833096
             6.444444                0.792694
             6.555556                0.742933
             6.666667                0.685181
             6.777778                0.621025
             6.888889                0.552268
             7.000000                0.480928
             7.000000                0.480929
             7.111111                0.409111
             7.222222                0.338356
             7.333333                0.270227
             7.444444                0.206023
             7.555556                0.146779
             7.666667                0.093261
             7.777778                0.045975
             7.888889                0.005157
             8.000000               -0.029217
             8.000000               -0.029139
             8.111111               -0.057450
             8.222222               -0.079723
             8.333333               -0.096531
             8.444444               -0.108431
             8.555556               -0.115962
             8.666667               -0.119646
             8.777778               -0.119985
             8.888889               -0.117464
             9.000000               -0.112551
             9.000000               -0.112568
             9.111111               -0.105667
             9.222222               -0.097152
             9.333333               -0.087299
             9.444444               -0.076354
             9.555556               -0.064540
             9.666667               -0.052050
             9.777778               -0.039052
             9.888889               -0.025686
            10.000000               -0.012065
