             0.000000               -0.062779
             0.370370                0.098631
             0.740741                0.056989
             1.111111               -0.002829
             1.481481                0.037976
             1.851852                0.232125
             2.222222                0.566265
             2.592593                0.960961
             2.962963                1.270707
             3.333333                1.283914
             3.333333                1.134707
             3.703704                1.344048
             4.074074                1.196242
             4.444444                0.926510
             4.814815                0.697232
             5.185185                0.597943
             5.555556                0.645336
             5.925926                0.783258
             6.296296                0.882717
             6.666667                0.741875
             6.666667                0.711536
             7.037037                0.450052
             7.407407                0.228935
             7.777778                0.058472
             8.148148               -0.056475
             8.518519               -0.116466
             8.888889               -0.127490
             9.259259               -0.100956
             9.629630               -0.053701
            10.000000               -0.007984
