    0     0     0
    1    -3     7
    2   -35    15
    3   -50    10
    4   -55    18
    5   -47    20
    6   -30    35
    7   -24    15
    8    -8    10
    9    10    -3
   10    40   -18
   11    60   -13
   12    75     2
   13    75   -12
   14    82   -27
   15    76   -55
   16    64   -81
   17    49   -82
   18    39   -80
   19    33   -60
   20    19   -50
   21    -1   -41
   22   -10   -38
   23   -20   -23
   24    -6   -12
   25     7    17
   26     1    58
   27   -40   111
   28   -20   150
   29    29   110
   30    60    90
   31    59    80
   32    42    62
   33    -3    50
   34     2     5
   35   -17   -40
   36   -39   -15
   37  -105    -3
   38  -130   -23
   39  -162   -50
   40  -137   -60
   41  -115   -65
   42   -63   -25
   43   -39    24
   44    -5    30
   45    57    15
   46    65    48
   47    10    40
   48    41    18
   49   105    34
   50   165    39
   51   135   -19
   52    77   -62
   53    15   -50
   54   -28   -19
   55   -55     3
   56   -70    15
   57   -87   -10
   58   -85   -31
   59   -36   -29
   60   -15     0
   61   -29    45
   62   -10   103
   63    78   105
   64   147    61
   65    90    30
   66    -2    27
   67   -80    25
   68   -92     0
   69   -78   -30
   70   -60   -35
   71   -78   -15
   72  -120   -35
   73  -158   -60
   74  -185   -65
   75  -155  -100
   76   -50   -85
   77   -27   -30
   78   -53   -15
   79   -45     5
   80    14    55
   81    85    55
   82    90   -10
   83    60   -35
   84    60   -25
   85    60   -36
   86    65   -67
   87    10   -65
   88   -30   -55
   89   -70   -51
   90   -65    -5
   91   -60     7
   92   -70   -40
   93   -71   -67
   94   -15   -10
   95   -55    14
   96  -140    -3
   97   -54    40
   98    93   103
